000000 -0.31543899           0    0.510391  0.68019319 -0.68019319  0.19322857 -0.19322857
000001 -0.19769523  0.27921331  0.49620885 -0.27218726  0.91579974  -0.2787981 0.097305968
000002 -0.015231029  0.034883559   0.60237545   0.9956305 0.080893598 0.014072891 0.035208467
000003 -0.023861058   0.50274754   0.33540827 -0.01247272  0.88226134 -0.46984321 0.017442977
000004 0.14977293 0.30366272 0.50109446   0.22793812   0.92926121  -0.28368616 -0.063012056
000005  0.30096751 0.047128022  0.52282387  0.65169549  0.71195906 -0.20491861 -0.16154134
000006 -0.4924925 0.17457379 0.29614055  -0.4706862  0.72443682 -0.39560267  0.31117842
000007  -0.51086664   0.31751314 0.0025397083 -0.31640413  0.63358331 -0.59465384  0.37908024
000008 -0.29981843  0.48461419   0.1985738  -0.211806 0.78737223 -0.5525862 0.17096612
000009 -0.32272482  0.49902761 -0.13457252  0.16747908 -0.59867883  0.74641609 -0.23614193
000010 -0.016465776   0.54529625  -0.27005541  0.0096283359   -0.52358836    0.85150367 -0.0083288299
000011 -0.024107717   0.60791641  0.044461537  -0.01918944   0.73175222  -0.68075812 0.0076271407
000012 0.28170776  0.4979656 0.20576569  0.19651698  0.79462194 -0.55121154 -0.15894151
000013  0.23996115  0.54125416 -0.14947903 -0.090692244  -0.60487503   0.75697833    0.2279852
000014    0.48728234    0.35716274 -0.0080380309 -0.31123519 -0.62846261   0.6285817  0.33460051
000015 0.48101482 0.23650016 0.27507597  0.45477313  0.72128481 -0.44125733  -0.2774002
000016   0.59863275  0.064262822 -0.014854163 -0.47606364 -0.51063544  0.53757972  0.47136411
000017   0.54459125  -0.25236577 0.0057733087 -0.60915756  -0.3558501  0.39824796   0.5802058
000018   0.51709616 -0.099855967    0.2906625  0.69384491  0.50567198 -0.34722832 -0.37316862
000019  0.43598229  0.24160902 -0.33813745 -0.27099153 -0.38169351  0.80708146  0.35811818
000020   0.3027842 0.027526224   -0.522201 -0.18754964 -0.17407951  0.77723008  0.56880677
000021   0.5325222 -0.11162119 -0.27747369 -0.42696768 -0.29559258  0.59395957  0.61204141
000022  0.12793243  0.23044297 -0.53718472 -0.073037922  -0.21873073   0.96603489    0.1115204
000023 -0.17502108  0.17376165 -0.53851378   0.1004056 -0.20651561  0.90853679 -0.34740067
000024 -0.24127413 -0.10452521 -0.53354013 -0.21436527  0.10755636 -0.66312784  0.70794803
000025   0.08812394 -0.070994109  -0.59686089 -0.055910863 -0.052228216  0.035831608   0.99637002
000026 -0.099408597  -0.39250118   -0.4497571  -0.3581554 0.028952947 -0.19167726  0.91284978
000027  0.12425779 -0.54410332 -0.25266287  -0.53805935 -0.067757845  0.058060441   0.83794755
000028  0.26089385 -0.31948724 -0.45481098 -0.33943138 -0.10330766  0.33700499  0.87184048
000029  0.39157006  -0.4555808 -0.14083642 -0.59047389 -0.19756521  0.28782406  0.72731632
000030  0.11938845 -0.59462172 0.060705189  -0.74030495 -0.082677297  0.039436545   0.66518205
000031 0.087360382 -0.48110154  0.35516319   0.88933277  0.093819976 -0.017729452  -0.44612315
000032  0.38153186 -0.41542178   0.2428827 -0.78266591 -0.30122679  0.18904412  0.50822169
000033  -0.1797958 -0.55762339 -0.15399392 -0.60475445  0.11028121 -0.12283702  0.77877998
000034   -0.41343561   -0.42785576 -0.0011767155 -0.65810168  0.26443261  -0.2775878   0.6473757
000035 -0.16321278 -0.54149449  0.20254003  -0.80930036   0.13204616 -0.090056933    0.5632844
000036 -0.41506565 -0.29969671  0.29839793  0.77153027 -0.39591575  0.23393065 -0.43877724
000037 -0.098638989  -0.33189496   0.48433733  0.94087404 -0.15143695 0.053333279 -0.29565215
000038  0.25941357 -0.24835864  0.48590186  0.87908572   0.3687937 -0.11275087 -0.27688619
000039   -0.57147032   -0.15293913 2.4867008e-05 -0.56496656  0.42862704 -0.43629095  0.55162024
000040  -0.57383162  -0.24690354 -0.027151605   0.66201937 -0.095683336   0.65687704  -0.34592447
000041 -0.43200728 -0.44625959  0.17894825  0.78148383 -0.10356002  0.38722196 -0.47652185
