000000 -0.31543899           0    0.510391  0.68019319 -0.68019319  0.19322857 -0.19322857
000001 -0.18540999  0.30000001     0.48541 -0.25989178  0.91485775 -0.29725522 0.084444001
000002          0          0 0.60000002 1 0 0 0
000003          0   0.510391 0.31543899           0  0.87342173 -0.48696464          -0
000004 0.18540999 0.30000001    0.48541   0.25989178   0.91485775  -0.29725522 -0.084444001
000005 0.31543899          0   0.510391  0.68019319  0.68019319 -0.19322857 -0.19322857
000006   -0.48541 0.18540999 0.30000001 -0.49111256  0.71330798  -0.4118284  0.28354406
000007  -0.510391 0.31543899          0 -0.34433597  0.61760247 -0.61760241  0.34433597
000008 -0.30000001     0.48541  0.18540999 -0.22107726  0.77822459 -0.56541294  0.16062202
000009 -0.30000001     0.48541 -0.18540999  0.16062202  -0.5654133  0.77822459 -0.22107726
000010           0    0.510391 -0.31543899           0 -0.48696464  0.87342173           0
000011          0 0.60000002          0           0  0.70710677 -0.70710677          -0
000012 0.30000001    0.48541 0.18540999  0.22107726  0.77822459 -0.56541294 -0.16062202
000013  0.30000001     0.48541 -0.18540999 -0.16062202  -0.5654133  0.77822459  0.22107726
000014   0.510391 0.31543899          0  0.34433597  0.61760247 -0.61760241 -0.34433597
000015    0.48541 0.18540999 0.30000001  0.49111256  0.71330798  -0.4118284 -0.28354406
000016 0.60000002          0          0  0.5  0.5 -0.5 -0.5
000017    0.510391 -0.31543899           0 -0.61760241 -0.34433597  0.34433597  0.61760247
000018     0.48541 -0.18540999  0.30000001  0.71330798  0.49111256 -0.28354406  -0.4118284
000019     0.48541  0.18540999 -0.30000001 -0.28354406  -0.4118284  0.71330798  0.49111256
000020 0.31543899          0  -0.510391 -0.19322857 -0.19322857  0.68019319  0.68019319
000021     0.48541 -0.18540999 -0.30000001  -0.4118284 -0.28354406  0.49111256  0.71330798
000022 0.18540999 0.30000001   -0.48541 -0.084444001  -0.29725522   0.91485775   0.25989178
000023 -0.18540999  0.30000001    -0.48541 0.084444001 -0.29725522  0.91485775 -0.25989178
000024 -0.31543899           0   -0.510391 -0.19322857  0.19322857 -0.68019319  0.68019319
000025           0           0 -0.60000002 -0 -0  0  1
000026 -0.18540999 -0.30000001    -0.48541 -0.29725522 0.084444001 -0.25989178  0.91485775
000027           0   -0.510391 -0.31543899 -0.48696464          -0           0  0.87342173
000028  0.18540999 -0.30000001    -0.48541  -0.29725522 -0.084444001   0.25989178   0.91485775
000029  0.30000001    -0.48541 -0.18540999  -0.5654133 -0.16062202  0.22107726  0.77822459
000030           0 -0.60000002           0 -0.70710677          -0           0  0.70710677
000031          0  -0.510391 0.31543899  0.87342173           0           0 -0.48696464
000032 0.30000001   -0.48541 0.18540999 -0.77822435 -0.22107729  0.16062196  0.56541312
000033 -0.30000001    -0.48541 -0.18540999  -0.5654133  0.16062202 -0.22107726  0.77822459
000034   -0.510391 -0.31543899           0 -0.61760241  0.34433597 -0.34433597  0.61760247
000035 -0.30000001    -0.48541  0.18540999 -0.77822435  0.22107729 -0.16062196  0.56541312
000036    -0.48541 -0.18540999  0.30000001  0.71330798 -0.49111256  0.28354406  -0.4118284
000037 -0.18540999 -0.30000001     0.48541  0.91485775 -0.25989178 0.084444001 -0.29725522
000038  0.18540999 -0.30000001     0.48541   0.91485775   0.25989178 -0.084444001  -0.29725522
000039 -0.60000002           0           0  0.5 -0.5  0.5 -0.5
000040    -0.48541  0.18540999 -0.30000001  0.28354406  -0.4118284  0.71330798 -0.49111256
000041    -0.48541 -0.18540999 -0.30000001  -0.4118284  0.28354406 -0.49111256  0.71330798
