000000 -0.315438985825               0  0.510390996933  0.680193175828 -0.680193175828  0.193228573076 -0.193228573076
000001 -0.187508359551  0.296089142561  0.488077968359 -0.257099713672  0.916731556669 -0.292610866413 0.0887312914203
000002 -0.00972856394947   0.0115756560117    0.600604593754   0.999378234567  0.0194376146922 0.00904473327527  0.0110052882708
000003 -0.00689554354176    0.508068501949    0.322212606668 0.000435439314164    0.876454438809   -0.481381168308  0.00754902299264
000004 0.166156828403  0.30240380764 0.492837518454   0.248397465082   0.921171590802  -0.291001347628 -0.0709888022469
000005  0.303173482418 0.0129748377949  0.519337236881  0.674267674093  0.690786885069 -0.189604872298  -0.17915709009
000006 -0.483128458261   0.19083212316  0.300717502832 -0.489686784039  0.714933053676 -0.413506759597  0.279370484024
000007    -0.50692653656    0.321301817894 0.000621572195087 -0.340625625289  0.620722290925 -0.617883927735  0.341686411498
000008 -0.295553177595  0.489644855261  0.182478919625  -0.21978703817  0.777256184347 -0.568376417018  0.156172764741
000009 -0.305343389511  0.485384166241 -0.180898368359   0.16633854439  -0.56680757635   0.77651189739 -0.218927916938
000010 -0.0210758913308   0.506850242615  -0.320496201515   0.0142944368025    -0.48217525828    0.875859051736 -0.00665886911495
000011  -0.0153793431818    0.600327253342 -0.00406519044191   0.0114703136277   -0.704487196367    0.709494595671 -0.00547781496988
000012 0.286428958178 0.495921581984 0.180538445711  0.212354268016  0.778043178293  -0.57157006071 -0.150683079762
000013  0.287298381329  0.493444740772 -0.186462208629 -0.153441496695 -0.566592752465  0.781123680393  0.212423233926
000014     0.49969676137    0.332262337208 -0.00406339438632 -0.340716033894 -0.616715633301  0.629840194014  0.326685518868
000015 0.477851361036 0.215134039521  0.29222202301  0.487427227383  0.711065610934 -0.433433147281 -0.262211150836
000016  0.600869238377 0.0135616902262 0.0075477915816 -0.506221767835 -0.500052871249  0.511058280589  0.481986729296
000017   0.52033919096 -0.301413536072 0.0181223955005 -0.627981320652 -0.346762851479  0.359676112302  0.596493227134
000018  0.491481155157 -0.153654292226  0.311033904552  0.718650505187  0.491888488511 -0.305599065812 -0.384525744235
000019  0.470332324505  0.198632031679 -0.312700271606 -0.280390734267 -0.400589065769  0.741290976484  0.459614976292
000020   0.304196387529 -0.0126499384642  -0.515389204025 -0.199436055385 -0.173375818236   0.70729453281    0.6554920632
000021  0.492153435946 -0.187798410654 -0.289475649595 -0.427976943647 -0.275035227225  0.513787720126  0.690694957638
000022  0.156054839492  0.279769688845 -0.504345417023 -0.0733350234685  -0.271448447077   0.930947699861   0.232669861971
000023 -0.208675429225  0.265450000763 -0.494295537472  0.108212282664 -0.275215777372  0.917217929667 -0.266645218424
000024      -0.32486552 -0.0321784541011  -0.502919018269 -0.215824368793  0.182681302964 -0.671931724484  0.684155965689
000025 -0.0140661075711 -0.0334296151996  -0.597783327103 -0.0261295393354  0.0117416781123  0.0139248328439   0.998305546633
000026 -0.189327448606 -0.320649176836 -0.471006780863 -0.315314433913  0.086157932092 -0.249773639244  0.911297610508
000027 0.00492843380198   -0.52436453104  -0.294254809618  -0.504311592427 0.00219614221302  0.0131881366101   0.863241212011
000028  0.181160643697 -0.317831277847 -0.475600481033  -0.312943344555 -0.0727318158418   0.273939320826   0.906265233997
000029  0.307844251394 -0.488263875246 -0.167345747352 -0.579640474323 -0.155732846726  0.238808966608  0.763086955956
000030 0.0112740090117 -0.600794613361 0.0175944473594   -0.717381422423 -0.00589628210292  0.00703054965675    0.696344829148
000031 0.0136468121782 -0.500553667545  0.333175480366    0.881674902862  0.00870484677586 -0.00809376381262   -0.471324114283
000032  0.310181200504 -0.473523050547  0.203411474824 -0.786172343613 -0.225868502609  0.170041828268  0.549065847262
000033 -0.291886150837 -0.499642938375 -0.165179803967 -0.580855819143  0.157555690827 -0.208082386916  0.770646267769
000034 -0.510972619057 -0.316462606192  0.010261548683 -0.622428457914  0.349313169137 -0.338085214437  0.613026667008
000035  -0.28498634696 -0.489592522383  0.202054038644 -0.790672368251  0.207499566454 -0.154661097936  0.554235993228
000036 -0.478772759438 -0.188209056854  0.311289936304  0.719211217885 -0.492155259687  0.274871153808 -0.405640844311
000037 -0.176922783256 -0.291764765978  0.494547426701  0.922874781402 -0.244790610156 0.0847173321468  -0.28382001206
000038 0.194224253297 -0.27790004015 0.496488213539   0.915860152725   0.272182364281 -0.0927577859702  -0.278874365224
000039   -0.601673781872 -0.00413032667711   0.0142285590991  0.509679346027 -0.503373595865  0.492842601816 -0.493256565849
000040 -0.509308695793  0.166573762894 -0.276706665754  0.308886967039 -0.414785627188  0.701779936015 -0.489489281983
000041 -0.498917192221 -0.190610349178  -0.27874559164 -0.422144188219  0.295977578134 -0.477790557227  0.710938346254
