000000 -0.315438985825               0  0.510390996933  0.680193175828 -0.680193175828  0.193228573076 -0.193228573076
000001 -0.185409992933  0.300000011921  0.485410004854  -0.25989177087  0.914857779248 -0.297255221042  0.084444000366
000002              0              0 0.600000023842 1 0 0 0
000003              0 0.510390996933 0.315438985825               0   0.87342172721 -0.486964658235              -0
000004 0.185409992933 0.300000011921 0.485410004854   0.25989177087  0.914857779248 -0.297255221042 -0.084444000366
000005 0.315438985825              0 0.510390996933  0.680193175828  0.680193175828 -0.193228573076 -0.193228573076
000006 -0.485410004854  0.185409992933  0.300000011921 -0.491112544521  0.713307966586 -0.411828420764  0.283544079304
000007 -0.510390996933  0.315438985825               0 -0.344336012036  0.617602426146 -0.617602426146  0.344336012036
000008 -0.300000011921  0.485410004854  0.185409992933 -0.221077257041  0.778224584994 -0.565412941229  0.160622013761
000009 -0.300000011921  0.485410004854 -0.185409992933  0.160622013761 -0.565413266739  0.778224584994 -0.221077257041
000010               0  0.510390996933 -0.315438985825               0 -0.486964658235   0.87342172721               0
000011              0 0.600000023842              0               0  0.707106781187 -0.707106781187              -0
000012 0.300000011921 0.485410004854 0.185409992933  0.221077257041  0.778224584994 -0.565412941229 -0.160622013761
000013  0.300000011921  0.485410004854 -0.185409992933 -0.160622013761 -0.565413266739  0.778224584994  0.221077257041
000014 0.510390996933 0.315438985825              0  0.344336012036  0.617602426146 -0.617602426146 -0.344336012036
000015 0.485410004854 0.185409992933 0.300000011921  0.491112544521  0.713307966586 -0.411828420764 -0.283544079304
000016 0.600000023842              0              0  0.5  0.5 -0.5 -0.5
000017  0.510390996933 -0.315438985825               0 -0.617602426146 -0.344336012036  0.344336012036  0.617602426146
000018  0.485410004854 -0.185409992933  0.300000011921  0.713307966586  0.491112544521 -0.283544079304 -0.411828420764
000019  0.485410004854  0.185409992933 -0.300000011921 -0.283544079304 -0.411828420764  0.713307966586  0.491112544521
000020  0.315438985825               0 -0.510390996933 -0.193228573076 -0.193228573076  0.680193175828  0.680193175828
000021  0.485410004854 -0.185409992933 -0.300000011921 -0.411828420764 -0.283544079304  0.491112544521  0.713307966586
000022  0.185409992933  0.300000011921 -0.485410004854 -0.084444000366 -0.297255221042  0.914857779248   0.25989177087
000023 -0.185409992933  0.300000011921 -0.485410004854  0.084444000366 -0.297255221042  0.914857779248  -0.25989177087
000024 -0.315438985825               0 -0.510390996933 -0.193228573076  0.193228573076 -0.680193175828  0.680193175828
000025               0               0 -0.600000023842 -0 -0  0  1
000026 -0.185409992933 -0.300000011921 -0.485410004854 -0.297255221042  0.084444000366  -0.25989177087  0.914857779248
000027               0 -0.510390996933 -0.315438985825 -0.486964658235              -0               0   0.87342172721
000028  0.185409992933 -0.300000011921 -0.485410004854 -0.297255221042 -0.084444000366   0.25989177087  0.914857779248
000029  0.300000011921 -0.485410004854 -0.185409992933 -0.565413266739 -0.160622013761  0.221077257041  0.778224584994
000030               0 -0.600000023842               0 -0.707106781187              -0               0  0.707106781187
000031               0 -0.510390996933  0.315438985825   0.87342172721               0               0 -0.486964658235
000032  0.300000011921 -0.485410004854  0.185409992933 -0.778224324417 -0.221077285345  0.160621945342  0.565413130549
000033 -0.300000011921 -0.485410004854 -0.185409992933 -0.565413266739  0.160622013761 -0.221077257041  0.778224584994
000034 -0.510390996933 -0.315438985825               0 -0.617602426146  0.344336012036 -0.344336012036  0.617602426146
000035 -0.300000011921 -0.485410004854  0.185409992933 -0.778224324417  0.221077285345 -0.160621945342  0.565413130549
000036 -0.485410004854 -0.185409992933  0.300000011921  0.713307966586 -0.491112544521  0.283544079304 -0.411828420764
000037 -0.185409992933 -0.300000011921  0.485410004854  0.914857779248  -0.25989177087  0.084444000366 -0.297255221042
000038  0.185409992933 -0.300000011921  0.485410004854  0.914857779248   0.25989177087 -0.084444000366 -0.297255221042
000039 -0.600000023842               0               0  0.5 -0.5  0.5 -0.5
000040 -0.485410004854  0.185409992933 -0.300000011921  0.283544079304 -0.411828420764  0.713307966586 -0.491112544521
000041 -0.485410004854 -0.185409992933 -0.300000011921 -0.411828420764  0.283544079304 -0.491112544521  0.713307966586
