0.000000 0.023841 0.328970 0.516532
1.000000 -0.085593 0.299143 0.522041
2.000000 -0.151891 0.269834 0.512638
3.000000 -0.212099 0.301424 0.476723
4.000000 -0.291299 0.333227 0.412744
5.000000 -0.345633 0.328906 0.360092
6.000000 -0.378592 0.341696 0.305307
7.000000 -0.409798 0.356467 0.223252
8.000000 -0.422915 0.364040 0.158127
9.000000 -0.430692 0.360086 0.055382
10.000000 -0.424272 0.348223 -0.013278
11.000000 -0.385806 0.361457 -0.102956
12.000000 -0.358858 0.338538 -0.161020
13.000000 -0.309554 0.316148 -0.232090
14.000000 -0.245445 0.316386 -0.281299
15.000000 -0.184850 0.310344 -0.312714
16.000000 -0.132262 0.297132 -0.334883
17.000000 -0.093082 0.306205 -0.342370
18.000000 -0.063751 0.263569 -0.357201
19.000000 -0.026705 0.284619 -0.356050
20.000000 0.035207 0.276713 -0.355069
21.000000 0.107263 0.304816 -0.334299
22.000000 0.130632 0.264875 -0.337617
23.000000 0.175443 0.232284 -0.322494
24.000000 0.157337 0.192899 -0.330134
25.000000 0.250987 0.244501 -0.273732
26.000000 0.320006 0.281488 -0.201876
27.000000 0.358270 0.292141 -0.145656
28.000000 0.390765 0.320034 -0.066503
29.000000 0.410193 0.335369 0.018463
30.000000 0.406508 0.366973 0.097111
31.000000 0.398617 0.381824 0.152887
32.000000 0.394265 0.359298 0.195925
33.000000 0.374714 0.346333 0.255235
34.000000 0.351985 0.345461 0.296050
35.000000 0.311142 0.380819 0.333044
36.000000 0.303967 0.380149 0.344241