0.000000 0.121550 0.346256 0.378597
1.000000 0.048925 0.353333 0.391101
2.000000 -0.026654 0.354970 0.395128
3.000000 -0.098407 0.355079 0.385586
4.000000 -0.172531 0.352895 0.362402
5.000000 -0.233923 0.351308 0.328165
6.000000 -0.292318 0.348610 0.279864
7.000000 -0.336756 0.345234 0.227959
8.000000 -0.375247 0.341179 0.162295
9.000000 -0.398210 0.338552 0.091953
10.000000 -0.412083 0.329367 0.023855
11.000000 -0.409575 0.326294 -0.048814
12.000000 -0.396546 0.318964 -0.121027
13.000000 -0.369354 0.313403 -0.189432
14.000000 -0.333163 0.308017 -0.248746
15.000000 -0.286711 0.303112 -0.300896
16.000000 -0.233831 0.299395 -0.343060
17.000000 -0.178024 0.293736 -0.375808
18.000000 -0.110263 0.287028 -0.401511
19.000000 -0.035486 0.285747 -0.412037
20.000000 0.037996 0.282942 -0.410705
21.000000 0.111068 0.279177 -0.396933
22.000000 0.172776 0.274387 -0.374661
23.000000 0.236492 0.274359 -0.336857
24.000000 0.294236 0.274945 -0.286842
25.000000 0.343145 0.285038 -0.217702
26.000000 0.373814 0.285723 -0.159683
27.000000 0.394190 0.293839 -0.085143
28.000000 0.401273 0.299296 -0.014187
29.000000 0.394323 0.309132 0.061353
30.000000 0.376479 0.314532 0.132037
31.000000 0.345236 0.322935 0.197878
32.000000 0.305123 0.328414 0.255807
33.000000 0.251643 0.332917 0.310365
34.000000 0.193090 0.337595 0.350873
35.000000 0.128983 0.342400 0.379103
36.000000 0.116782 0.342279 0.384277