000000  0.1155975 0.34881219 0.37466019  0.93050218 -0.01753284 -0.13759421  0.33583274
000001 0.044472829  0.35282639   0.3908003   0.93823129 -0.037940253 -0.051117074   0.33691764
000002 -0.028938759   0.35356411    0.3955695  0.93930972 -0.06066028 0.036393665  0.33244312
000003 -0.1003698 0.35428751 0.38576099   0.93217927 -0.081147827   0.12156197   0.32783875
000004 -0.1710526 0.35368791 0.36268139   0.9171384 -0.10207082  0.20865087  0.32041812
000005 -0.2342266  0.3517476 0.32841209  0.89524513 -0.12203966  0.29150829  0.31046301
000006 -0.29201949   0.3493765   0.2815904  0.86486858 -0.14188601  0.37481621  0.29841301
000007 -0.3387247  0.3457973 0.22755989  0.82883137 -0.15960434  0.45210564   0.2841925
000008 -0.37688971  0.34135881   0.1622891   0.7834751 -0.17733549   0.5300473   0.2669802
000009 -0.40175831  0.33595419 0.094027743  0.73335189 -0.19313721  0.60087115  0.24747477
000010 -0.41334119  0.33114949  0.02430384 0.67873371 -0.2071915 0.66457886 0.22798653
000011  -0.4126837   0.3251673 -0.04924212  0.61502826 -0.21781658  0.72727978  0.20433329
000012 -0.39944059  0.31893751  -0.1191589  0.55035114 -0.22830744  0.78046304  0.18071233
000013 -0.37433791  0.31290749  -0.1849405  0.48201337 -0.23692055  0.82716596  0.15624894
000014 -0.3374534  0.3068724 -0.2461201  0.40882501 -0.24399753  0.86815286  0.13019618
000015 -0.29032269   0.3009496 -0.30018091  0.33221701 -0.24891943  0.90250981  0.10312656
000016 -0.2326677 0.29760459 -0.3444269   0.2514053 -0.25492209  0.92937875 0.075402014
000017  -0.1726924  0.29555479 -0.37499321  0.17367528 -0.26023287  0.94738209 0.047928046
000018 -0.09981434  0.29067981 -0.39935219 0.085656136 -0.25852719  0.96086919 0.018661721
000019 -0.02972281  0.28418681 -0.41142911 0.0044185901  -0.25068235   0.96686661 -0.012128736
000020  0.04205738  0.28146791 -0.40878859 -0.078403249  -0.24526246   0.96434647 -0.039965149
000021   0.1152777   0.2792002 -0.39285001  -0.16463205  -0.23697908    0.9538241 -0.069406301
000022  0.17951921  0.27825299 -0.36604479  -0.24355173  -0.22758758   0.93669564 -0.096550271
000023  0.23907541  0.27860391 -0.32795051 -0.32195991  -0.2164128  0.91214371 -0.12361556
000024  0.2928136 0.28049311 -0.2782746 -0.40055794 -0.20337236  0.87930274 -0.15068848
000025 0.33687991  0.2829673 -0.2198038 -0.47595724 -0.18790998  0.83939743 -0.17639562
000026   0.3700617   0.2869826 -0.15348829 -0.54840952 -0.17076135  0.79174769 -0.20141396
000027   0.39034629   0.29231209 -0.082851768 -0.61548364 -0.15316513  0.73796427 -0.22401911
000028  0.39772311  0.29832789 -0.01194001 -0.67562503 -0.13493891  0.68004918 -0.24394649
000029 0.39259729 0.30444229 0.05819862  0.73075885  0.11571852 -0.61690664  0.26412567
000030  0.3749882 0.31151161  0.1273517  0.78024065 0.095269173 -0.54860431  0.28102174
000031 0.34521189 0.31843889  0.1929362  0.82392681 0.073997378 -0.47564894  0.29538909
000032 0.30521479 0.32608789 0.25049561  0.85992813  0.05315049 -0.40082723  0.30803546
000033  0.2537325 0.33340281 0.30183291  0.89045304 0.031759951 -0.32031211  0.31834957
000034   0.194407 0.33971179 0.34365639  0.91395932 0.010365259 -0.23809324  0.32518756
000035  0.1322615 0.34438169 0.37213251   0.92929965 -0.012835928  -0.15832086    0.3302004
000036  0.1322615 0.34438169 0.37213251   0.92929965 -0.012835928  -0.15832086    0.3302004
