000000 0 0 0 0 0 0 1
000001  -0.073930695653 0.00312838936225 0.00458210706711 0.0065499624207 0.0770939054182 0.0486794024537  0.995808033076
000002     -0.1457387954 -0.00118391984142   0.0199985839427 0.0127711987962  0.151414963516  0.096063577981  0.983703126651
000003   -0.211259156466 -0.00952290929854   0.0452619045973 0.0218946938127  0.220350333502  0.145102004738  0.964313577635
000004  -0.276097178459 -0.0288527328521  0.0825772508979 0.0284220608671  0.295004098174  0.193079041016  0.935057757106
000005   -0.32934653759 -0.0548894070089    0.12598156929 0.0341078297466  0.362276564104  0.242215314304  0.899314502089
000006  -0.375496417284 -0.0878935158253    0.18040804565 0.0407409221417  0.431775640946  0.291772312189  0.852403479213
000007 -0.404122203588 -0.120233617723  0.230390235782 0.0455943134737  0.486783091857  0.330146961747  0.807246163327
000008 -0.423828363419 -0.155676320195  0.284966468811 0.0584561791386  0.538042307784  0.375961257834  0.751372487203
000009  -0.43087798357 -0.198398828506  0.344991892576 0.0588482981175  0.591689844744  0.408317309425  0.690366201841
000010 -0.427564531565 -0.235774338245  0.404906481504 0.0728363406784  0.637994219077  0.441011526738  0.622006309726
000011 -0.406928628683 -0.283086925745   0.45955607295 0.0674867127473  0.680094382862  0.472146434551  0.549511555234
000012 -0.376102715731 -0.323775649071  0.513754248619 0.0737043726657  0.722152748489  0.502260529579  0.466565765876
000013  -0.33269354701 -0.362483054399  0.558268666267 0.0720227254291  0.752858679326  0.524888653198  0.386002089746
000014 -0.28091365099 -0.39590844512 0.594725489616 0.072146186178 0.776612433799 0.544460966525 0.302616757043
000015 -0.220465034246 -0.422673851252  0.623872339725 0.0673330931531  0.795787143532  0.555995423958  0.218087353916
000016 -0.158672571182 -0.443318396807  0.642577171326 0.0635803911566  0.807469443261  0.565499632525  0.137503310773
000017 -0.094154201448  -0.45695823431  0.653271377087 0.0589868322666   0.81374672002  0.570400895688 0.0562362819862
000018 -0.0224554389715   -0.46214735508   0.659111380577   0.054116479145   0.817167625222   0.567879821296 -0.0312505122784
000019 0.0483613163233 -0.462468057871  0.647607266903  0.055547525986  0.809588028331  0.566486179378 -0.120206730961
000020  0.116202883422 -0.454319059849   0.62836098671 0.0544567062201  0.797045951159  0.558583684793 -0.206584322589
000021  0.179738879204 -0.438671529293  0.603882491589 0.0463497595998  0.781318067923  0.545421591481 -0.287073147985
000022 0.236141577363 -0.41652983427 0.571061015129 0.0393454233705  0.759589927579  0.529421599576 -0.364819201198
000023  0.289139777422 -0.386768192053  0.522966206074 0.0379457949903  0.726106650007  0.508588617118 -0.451485842286
000024  0.329347908497 -0.353135228157  0.475488692522 -0.0303150115916  -0.680209305596  -0.475701779241   0.535110005239
000025  0.357630729675 -0.315372169018  0.416639506817 -0.0249147180917  -0.637843726024  -0.451330630204   0.608592677452
000026 0.373950392008 -0.27472448349   0.3609816432 -0.0178695875677  -0.593197121465  -0.423722933194   0.673410857275
000027  0.376748204231 -0.230959251523  0.300991952419 -0.0115062632369  -0.540359046909  -0.390892950471   0.736816813252
000028  0.367443710566 -0.187203973532  0.244787201285 -0.00721889483534   -0.486401581327   -0.351004229313    0.793466914189
000029  0.344350427389 -0.143644750118   0.18860450387 -0.00172175139109   -0.425024723782   -0.311009141364    0.844642224815
000030  0.316235810518 -0.101261414587  0.138248294592 0.00753540074506  -0.369165211555  -0.267253219547   0.888865330358
000031   0.274503350258 -0.0662209019065  0.0953895896673 0.0110282693969 -0.307295804414 -0.221109693381  0.925174087497
000032   0.223549127579 -0.0348633565009   0.059496730566 0.0174247604125 -0.242506448376 -0.175724893935  0.953909613551
000033     0.16392301023 -0.00762406503782   0.0308164600283 0.0250108956646 -0.173477540286 -0.131549228421  0.975686947287
000034 0.0969595834613 0.0134910512716 0.0108429379761  0.0315458192005  -0.100885802524 -0.0851708422247   0.990741502067
000035  0.0280484259129  0.0261592809111 0.00112100760452  0.0366774702122 -0.0303967699066 -0.0340212028278   0.998285015085
000036   0.0153751885518   0.0292832031846 0.000271482684184   0.039437864471 -0.0165655253534 -0.0296844225112   0.998642223186
