000000  0.1155975 0.34881219 0.37466019  0.93050218 -0.01753284 -0.13759421  0.33583274
000001 0.042941313  0.35769004  0.38576058      0.93636 -0.048415925 -0.046114784   0.34461465
000002 -0.032638568   0.36112702    0.3883737   0.93606853 -0.067070901  0.043498218   0.34261513
000003 -0.10418256  0.36283445  0.37750414   0.92763311 -0.090183184   0.12968893   0.33844438
000004 -0.17790037  0.36218962  0.35296959 0.91172916 -0.1080045 0.21988061 0.32975367
000005 -0.23867427  0.36175042  0.31761566  0.88839716 -0.13267492  0.30140996  0.31984359
000006 -0.29622164  0.36001384  0.26826411  0.85493857 -0.15771477    0.387577   0.3065781
000007 -0.33976835   0.3572413  0.21557426  0.81971538 -0.17287853  0.46064773  0.29322928
000008 -0.3771345 0.35353675 0.14924267   0.7720924 -0.19641764  0.53957981  0.27229953
000009 -0.39886016   0.3508558 0.078510873 0.72142178 -0.2047468 0.60778731 0.26119709
000010  -0.4116945   0.3414267 0.010243214  0.66800958 -0.21982875  0.67217344  0.23156287
000011  -0.40792832   0.33768529 -0.062340889  0.60550541 -0.23340894  0.73053491  0.21260811
000012 -0.39375439   0.3294467 -0.13423923  0.53791368 -0.24512652  0.78590643  0.18141912
000013 -0.36545148   0.3226769 -0.20208272  0.46592778 -0.25162688    0.833426  0.15810199
000014 -0.32831591  0.31594783 -0.26067078  0.39216805 -0.25989705  0.87358302  0.12454069
000015 -0.28104493   0.3095198 -0.31191111  0.31834358 -0.26052719  0.90554559  0.10377872
000016 -0.22750309  0.30421361 -0.35305774  0.24407619 -0.26173353  0.93014777 0.082142904
000017 -0.17125367    0.296976 -0.38472012  0.17050168  -0.2597377  0.94882655 0.056511942
000018 -0.10320968  0.28847054 -0.40910977 0.089013569 -0.25365785  0.96253169 0.035593934
000019 -0.02830312  0.28535259 -0.41823855 0.0020664884  -0.25237033   0.96762604 0.0021878111
000020 0.045055293  0.28084141 -0.41552424 -0.082976222  -0.24574906   0.96533984 -0.029004047
000021  0.11775395   0.2754845 -0.40037143  -0.16717185  -0.23609549   0.95590121 -0.050647974
000022  0.17891382  0.26944011 -0.37692362  -0.24146329  -0.22316745   0.94153315 -0.073532596
000023  0.24190809  0.26823995 -0.33794665 -0.32276568 -0.21075147  0.91673064 -0.10493296
000024 0.29872301 0.26789492 -0.2868768 -0.40408799 -0.19425941  0.88340646 -0.13626838
000025  0.34658077  0.27742201 -0.21692605 -0.48921704 -0.18420841  0.83559716 -0.16885276
000026  0.37618905   0.2778773 -0.15835632 -0.55261379 -0.16339053  0.79386914 -0.19414732
000027   0.39538124   0.28614068 -0.083519064 -0.62175971 -0.14988536  0.73726028 -0.21770708
000028   0.40128896   0.29202604 -0.012489108  0.68058777  0.12792026 -0.67940873  0.24257021
000029  0.39318854  0.30265629 0.062828593   0.7368502  0.11128176 -0.61231792  0.26407337
000030 0.37418476 0.30906513 0.13312447  0.78645152 0.086645432 -0.54250538  0.28226647
000031 0.34194672  0.3187491 0.19830684  0.82862806   0.0663445 -0.46840462  0.29928395
000032 0.30091873 0.32565176 0.25543705  0.86406124 0.043531124 -0.39332673  0.31112248
000033 0.24656886 0.33186162  0.3089579  0.89555538 0.025223497 -0.31065428  0.31755021
000034 0.18740956 0.33824816 0.34833631   0.91764826 0.0058018225  -0.22945504   0.32440451
000035  0.1229263 0.34478709 0.37533471   0.9320116 -0.01792693   -0.146751  0.33090341
000036 0.11063313 0.34499505 0.38028276  0.93468273 -0.01771884 -0.13207717  0.32955992
