000000 0.115597501397 0.348812192678  0.37466019392  0.930502173963 -0.017532839652 -0.137594198522  0.335832730546
000001 0.042184188962 0.352201759815 0.391764461994   0.939933646034 -0.0365315121714 -0.0476894144534   0.336008950552
000002 -0.0328357033432   0.353862762451   0.395273268223   0.940380875538 -0.0554556193101  0.0408975075314   0.333049294456
000003 -0.10343336314 0.353924840689  0.38568353653   0.933040375088 -0.0787448631305   0.125362056919   0.327879618499
000004 -0.175754457712  0.353314548731  0.361922174692   0.917676335288 -0.0984365015706   0.213924058374   0.320002902661
000005 -0.239083096385  0.351735532284   0.32713958621  0.895103404875 -0.121573929669  0.297167411751  0.309331281084
000006 -0.298548072577  0.350025564432  0.277153253555  0.861695944172 -0.146823714949   0.38466976174  0.296540495444
000007 -0.343597501516  0.347097575665  0.223599717021 0.825854364441 -0.16449986537 0.459548155652 0.282318080416
000008 -0.38082575798 0.343409597874  0.15908126533 0.779641560403  -0.1901183733 0.536900259237 0.260259715613
000009 -0.405255049467   0.33931517601 0.0860908776522 0.727111291257  -0.1999414819 0.609049898553 0.245708086186
000010 -0.417650252581  0.331237077713 0.0170093271881 0.673174384073  -0.2152887732 0.673080582861 0.217784443979
000011 -0.413845539093  0.328039973974 -0.058226570487  0.609006259436 -0.227260069917  0.733093162627  0.200034281883
000012 -0.399406671524  0.321405023336 -0.128874137998 0.542397395451 -0.24059057938 0.786749594272 0.170071324436
000013  -0.37160179019  0.316150963306 -0.195608451962  0.471992674285 -0.248095643376  0.832978336399  0.147642822763
000014  -0.33341434598  0.310644358397 -0.255700558424  0.397797381291 -0.255322091372  0.873026273685  0.119893194948
000015 -0.285228192806  0.304392158985 -0.308692723513 0.321753617993 -0.25690110424 0.906125972745  0.09692526979
000016 -0.229300439358  0.297571837902 -0.352582871914  0.244335398015 -0.256069865565  0.932333738383 0.0739289539535
000017 -0.170293956995  0.291989654303 -0.384445816278  0.168358461852 -0.255093339428  0.950739235369 0.0515909366022
000018 -0.101389206946  0.284325987101 -0.408275544643 0.0848703235888 -0.250272076089  0.964128360323  0.024531105189
000019 -0.0282034371048   0.281983733177  -0.416744977236 0.000203969375842   -0.248908786806    0.968488034853 -0.00774586203483
000020 0.0439811013639  0.278034448624 -0.413932293653 -0.0831753509196  -0.242256374606   0.965917275771 -0.0371787947613
000021  0.115095049143  0.272619843483 -0.399592250586  -0.165149367831  -0.232063412417   0.956919737567 -0.0562273662094
000022  0.179667115211  0.268056839705 -0.374601870775  -0.243256129702  -0.219166593987   0.941075951656 -0.0845752217835
000023  0.243733659387  0.270562529564 -0.332864791155 -0.326850120646 -0.210011247718   0.91415182313 -0.115648989094
000024  0.298798114061  0.270011991262 -0.283027619123 -0.405821958043 -0.193371159427   0.88145432606 -0.144697387953
000025  0.344531565905  0.274333000183 -0.220093488693 -0.484421529138 -0.179257903487  0.838770433382 -0.172186362185
000026  0.375513255596  0.279464423656 -0.155297979712 -0.553367810026 -0.163363989875  0.792359517399 -0.198097566327
000027   0.394338905811   0.287474364042 -0.0817837119102 -0.621431002575 -0.149519435097  0.736509523384 -0.221355445171
000028    0.400388807058    0.293552339077 -0.00949491467327   0.68164526834  0.128740887424 -0.677316046817  0.244968325019
000029  0.392380863428  0.303254574537 0.0647640675306  0.737247443345  0.113226944304 -0.611282091867  0.264503501519
000030 0.373392522335 0.309433549643 0.134610906243   0.78662296913 0.0897862610202 -0.542051134738  0.281648794338
000031 0.341804713011 0.317677587271 0.199650004506  0.829268080454 0.0672550392164 -0.467880509888  0.298097559885
000032 0.300383329391 0.325176030397 0.256393611431  0.864527527701  0.043473748899 -0.392182489373  0.311253128155
000033 0.248048856854 0.332454562187  0.30708438158  0.894322541722 0.0255233228948 -0.312330780024  0.319325668324
000034 0.189467802644 0.339007556438 0.346342504025   0.916404356959 0.00666733140965  -0.231765459967    0.32623169785
000035   0.1257802248 0.345897346735 0.373497545719   0.930977607419 -0.0155282697597  -0.149807017374   0.332537509791
