000000 0.115597501397 0.348812192678  0.37466019392  0.930502173963 -0.017532839652 -0.137594198522  0.335832730546
000001 0.0444728285074   0.35282638669   0.39080029726   0.938231310123 -0.0379402526834 -0.0511170773852   0.336917622279
000002 -0.0289387591183   0.353564113379   0.395569503307   0.939309717919 -0.0606602815506  0.0363936676814   0.332443148402
000003 -0.100369803607   0.35428750515  0.385760992765   0.932179261292 -0.0811478313304   0.121561975963   0.327838754141
000004 -0.171052604914  0.353687912226  0.362681388855 0.917138426214 -0.10207081204  0.20865086432 0.320418099991
000005 -0.234226599336  0.351747602224  0.328412085772  0.895245179713 -0.122039652608  0.291508246424  0.310463024994
000006 -0.292019486427  0.349376499653  0.281590402126  0.864868594797 -0.141886019794  0.374816216822  0.298413023464
000007 -0.338724702597  0.345797300339  0.227559894323  0.828831393882 -0.159604334113  0.452105590585  0.284192504013
000008 -0.376889705658  0.341358810663  0.162289097905 0.783475048587 -0.17733549577 0.530047284764 0.266980207186
000009 -0.401758313179  0.335954189301 0.0940277427435  0.733351864714 -0.193137201572  0.600871140538  0.247474766295
000010 -0.413341194391  0.331149488688 0.0243038404733  0.678733679507 -0.207191507191  0.664578921665  0.227986557756
000011  -0.412683695555   0.325167298317 -0.0492421202362  0.615028235782 -0.217816558819  0.727279808909  0.204333300945
000012 -0.399440586567  0.318937510252 -0.119158901274  0.550351116283 -0.228307448668   0.78046302736  0.180712329031
000013 -0.374337911606  0.312907487154 -0.184940502048  0.482013382961 -0.236920566082   0.82716593448  0.156248952325
000014 -0.337453395128  0.306872397661 -0.246120095253  0.408825024466 -0.243997522022  0.868152880087  0.130196185985
000015 -0.290322691202  0.300949603319 -0.300180912018  0.332217047395 -0.248919428698  0.902509797907  0.103126563343
000016 -0.232667699456  0.297604590654 -0.344426900148  0.251405294913 -0.254922082954  0.929378770809 0.0754020128168
000017 -0.172692403197  0.295554786921  -0.37499320507  0.173675280661 -0.260232877987  0.947382080156 0.0479280481083
000018 -0.0998143404722   0.290679812431  -0.399352192879 0.0856561415336 -0.258527207532   0.96086918968 0.0186617207656
000019 -0.0297228097916   0.284186810255  -0.411429107189 0.00441858962059  -0.250682343127   0.966866639057 -0.0121287355072
000020 0.0420573800802  0.281467914581 -0.408788591623 -0.0784032549627  -0.245262484476    0.96434643705  -0.039965153533
000021  0.115277700126  0.279200196266 -0.392850011587  -0.164632059808  -0.236979081053   0.953824083943 -0.0694063014227
000022  0.179519206285  0.278252989054 -0.366044789553  -0.243551739732  -0.227587585283   0.936695628004 -0.0965502751867
000023  0.239075407386    0.2786039114 -0.327950507402 -0.321959895406  -0.21641280748  0.912143665788 -0.123615559513
000024   0.29281359911  0.280493110418 -0.278274595737 -0.400557922296 -0.203372357452  0.879302753444 -0.150688480308
000025  0.336879909039  0.282967299223 -0.219803795218 -0.475957232633 -0.187909976213  0.839397440466 -0.176395614225
000026 0.370061695576 0.286982595921 -0.15348829329 -0.548409533611 -0.170761358967  0.791747670463 -0.201413956424
000027 0.390346288681 0.292312085629 -0.08285176754 -0.615483627683 -0.153165134685  0.737964279513  -0.22401910063
000028   0.39772310853  0.298327893019 -0.011940009892 -0.675624996024 -0.134938912502  0.680049190941  -0.24394648142
000029  0.392597287893  0.304442286491 0.0581986196339  0.730758879668  0.115718508616 -0.616906613033  0.264125674063
000030  0.37498819828 0.311511605978  0.12735170126  0.780240639485 0.0952691650583 -0.548604275291   0.28102173958
000031  0.34521189332 0.318438887596 0.192936196923  0.823926819722 0.0739973789728 -0.475648934066  0.295389075974
000032  0.30521479249 0.326087892056 0.250495612621  0.859928130824 0.0531504857317 -0.400827222322  0.308035429705
000033  0.25373250246 0.333402812481 0.301832914352  0.890453012491 0.0317599534114 -0.320312098551  0.318349559758
000034 0.194407001138 0.339711785316 0.343656390905  0.913959309875 0.0103652583901    -0.238093226  0.325187534994
000035 0.132261499763 0.344381690025 0.372132509947    0.92929962626 -0.0128359292332  -0.158320868599   0.330200420343
